40
NULL 0 NULL 0
Joined 0 0,255,0,255,0,32767,0,32767,0,32767 NULL 0 0 0 	# Joined [4a 6f 69 6e 65 64 ]
|Broken|0|1 0 0,255,0,255,0,32767,0,32767,0,32767 NULL 0 0 0 	# Broken
A 0 0,255,0,255,0,32767,0,32767,0,32767 NULL 0 0 0 	# A [41 ]
B 0 0,255,0,255,0,32767,0,32767,0,32767 NULL 0 0 0 	# B [42 ]
C 0 0,255,0,255,0,32767,0,32767,0,32767 NULL 0 0 0 	# C [43 ]
D 0 0,255,0,255,0,32767,0,32767,0,32767 NULL 0 0 0 	# D [44 ]
E 0 0,255,0,255,0,32767,0,32767,0,32767 NULL 0 0 0 	# E [45 ]
F 0 0,255,0,255,0,32767,0,32767,0,32767 NULL 0 0 0 	# F [46 ]
G 0 0,255,0,255,0,32767,0,32767,0,32767 NULL 0 0 0 	# G [47 ]
H 0 0,255,0,255,0,32767,0,32767,0,32767 NULL 0 0 0 	# H [48 ]
I 0 0,255,0,255,0,32767,0,32767,0,32767 NULL 0 0 0 	# I [49 ]
J 0 0,255,0,255,0,32767,0,32767,0,32767 NULL 0 0 0 	# J [4a ]
K 0 0,255,0,255,0,32767,0,32767,0,32767 NULL 0 0 0 	# K [4b ]
L 0 0,255,0,255,0,32767,0,32767,0,32767 NULL 0 0 0 	# L [4c ]
M 0 0,255,0,255,0,32767,0,32767,0,32767 NULL 0 0 0 	# M [4d ]
N 0 0,255,0,255,0,32767,0,32767,0,32767 NULL 0 0 0 	# N [4e ]
O 0 0,255,0,255,0,32767,0,32767,0,32767 NULL 0 0 0 	# O [4f ]
P 0 0,255,0,255,0,32767,0,32767,0,32767 NULL 0 0 0 	# P [50 ]
Q 0 0,255,0,255,0,32767,0,32767,0,32767 NULL 0 0 0 	# Q [51 ]
R 0 0,255,0,255,0,32767,0,32767,0,32767 NULL 0 0 0 	# R [52 ]
S 0 0,255,0,255,0,32767,0,32767,0,32767 NULL 0 0 0 	# S [53 ]
T 0 0,255,0,255,0,32767,0,32767,0,32767 NULL 0 0 0 	# T [54 ]
U 0 0,255,0,255,0,32767,0,32767,0,32767 NULL 0 0 0 	# U [55 ]
V 0 0,255,0,255,0,32767,0,32767,0,32767 NULL 0 0 0 	# V [56 ]
W 0 0,255,0,255,0,32767,0,32767,0,32767 NULL 0 0 0 	# W [57 ]
X 0 0,255,0,255,0,32767,0,32767,0,32767 NULL 0 0 0 	# X [58 ]
Y 0 0,255,0,255,0,32767,0,32767,0,32767 NULL 0 0 0 	# Y [59 ]
Z 0 0,255,0,255,0,32767,0,32767,0,32767 NULL 0 0 0 	# Z [5a ]
1 0 0,255,0,255,0,32767,0,32767,0,32767 NULL 0 0 0 	# 1 [31 ]
2 0 0,255,0,255,0,32767,0,32767,0,32767 NULL 0 0 0 	# 2 [32 ]
3 0 0,255,0,255,0,32767,0,32767,0,32767 NULL 0 0 0 	# 3 [33 ]
4 0 0,255,0,255,0,32767,0,32767,0,32767 NULL 0 0 0 	# 4 [34 ]
5 0 0,255,0,255,0,32767,0,32767,0,32767 NULL 0 0 0 	# 5 [35 ]
6 0 0,255,0,255,0,32767,0,32767,0,32767 NULL 0 0 0 	# 6 [36 ]
7 0 0,255,0,255,0,32767,0,32767,0,32767 NULL 0 0 0 	# 7 [37 ]
8 0 0,255,0,255,0,32767,0,32767,0,32767 NULL 0 0 0 	# 8 [38 ]
9 0 0,255,0,255,0,32767,0,32767,0,32767 NULL 0 0 0 	# 9 [39 ]
0 0 0,255,0,255,0,32767,0,32767,0,32767 NULL 0 0 0 	# 0 [30 ]
. 0 0,255,0,255,0,32767,0,32767,0,32767 NULL 0 0 0 	# . [2e ]
